function d2G_dy2 = Del2G_DY2(S,T)

E_g = 4859;
kg = 1.44 *10^8;
g = 1.5;
Cs = 6.29 * 10^-2 + 2.46*10^-3 * (T-273) - 7.14 * 10^-6 * (T-273)^2 ;
%Cm = 7.76 * 10^-2 + 2.46*10^-3 * (T-273) - 8.1*10^-6 * (T-273)^2 ;
d2G_dy2 = kg*g*(g-1)*exp(-E_g/T)*S^(g-2)/(Cs^2);

end
