function [DG_dy] = DelG(S,T)

E_g = 4859;
kg = 1.44 *10^8;
g = 1.5;
Cs = 6.29 * 10^-2 + 2.46*10^-3 * (T-273) - 7.14 * 10^-6 * (T-273)^2 ;
%Cm = 7.76 * 10^-2 + 2.46*10^-3 * (T-273) - 8.1*10^-6 * (T-273)^2 ;
DG_dy = kg*g*exp(-E_g/T)*S^(g-1)/Cs;

end
